9
9
0 46 121 240 386 0 448 430 0 
46 0 0 230 374 0 246 433 320
121 0 0 110 253 259 328 0 199
240 0 110 0 0 154 0 235 121
386 374 253 150 0 0 167 346 262
0 383 0 154 0 0 147 326 0
448 246 0 212 167 147 0 191 157
430 0 313 0 346 0 191 0 0
319 320 0 121 262 0 157 0 0
0
Kolhapur
Sangli
Satara
Pune
Mumbai
Thane
Nashik
Aurangabad
Ahmednagar
9
0 46 121 240 386 0 448 430 0 
46 0 0 230 374 0 246 433 320
121 0 0 110 253 259 328 0 199
240 0 110 0 0 154 0 235 121
386 374 253 150 0 0 167 346 262
0 383 0 154 0 0 147 326 0
448 246 0 212 167 147 0 191 157
430 0 313 0 346 0 191 0 0
319 320 0 121 262 0 157 0 0
1
Kolhapur
Sangli
Satara
Pune
Mumbai
Thane
Nashik
Aurangabad
Ahmednagar
9
0 46 121 240 386 0 448 430 0 
46 0 0 230 374 0 246 433 320
121 0 0 110 253 259 328 0 199
240 0 110 0 0 154 0 235 121
386 374 253 150 0 0 167 346 262
0 383 0 154 0 0 147 326 0
448 246 0 212 167 147 0 191 157
430 0 313 0 346 0 191 0 0
319 320 0 121 262 0 157 0 0
2
Kolhapur
Sangli
Satara
Pune
Mumbai
Thane
Nashik
Aurangabad
Ahmednagar
9
0 46 121 240 386 0 448 430 0 
46 0 0 230 374 0 246 433 320
121 0 0 110 253 259 328 0 199
240 0 110 0 0 154 0 235 121
386 374 253 150 0 0 167 346 262
0 383 0 154 0 0 147 326 0
448 246 0 212 167 147 0 191 157
430 0 313 0 346 0 191 0 0
319 320 0 121 262 0 157 0 0
3
Kolhapur
Sangli
Satara
Pune
Mumbai
Thane
Nashik
Aurangabad
Ahmednagar
9
0 46 121 240 386 0 448 430 0 
46 0 0 230 374 0 246 433 320
121 0 0 110 253 259 328 0 199
240 0 110 0 0 154 0 235 121
386 374 253 150 0 0 167 346 262
0 383 0 154 0 0 147 326 0
448 246 0 212 167 147 0 191 157
430 0 313 0 346 0 191 0 0
319 320 0 121 262 0 157 0 0
4
Kolhapur
Sangli
Satara
Pune
Mumbai
Thane
Nashik
Aurangabad
Ahmednagar
9
0 46 121 240 386 0 448 430 0 
46 0 0 230 374 0 246 433 320
121 0 0 110 253 259 328 0 199
240 0 110 0 0 154 0 235 121
386 374 253 150 0 0 167 346 262
0 383 0 154 0 0 147 326 0
448 246 0 212 167 147 0 191 157
430 0 313 0 346 0 191 0 0
319 320 0 121 262 0 157 0 0
5
Kolhapur
Sangli
Satara
Pune
Mumbai
Thane
Nashik
Aurangabad
Ahmednagar
9
0 46 121 240 386 0 448 430 0 
46 0 0 230 374 0 246 433 320
121 0 0 110 253 259 328 0 199
240 0 110 0 0 154 0 235 121
386 374 253 150 0 0 167 346 262
0 383 0 154 0 0 147 326 0
448 246 0 212 167 147 0 191 157
430 0 313 0 346 0 191 0 0
319 320 0 121 262 0 157 0 0
6
Kolhapur
Sangli
Satara
Pune
Mumbai
Thane
Nashik
Aurangabad
Ahmednagar
9
0 46 121 240 386 0 448 430 0 
46 0 0 230 374 0 246 433 320
121 0 0 110 253 259 328 0 199
240 0 110 0 0 154 0 235 121
386 374 253 150 0 0 167 346 262
0 383 0 154 0 0 147 326 0
448 246 0 212 167 147 0 191 157
430 0 313 0 346 0 191 0 0
319 320 0 121 262 0 157 0 0
7
Kolhapur
Sangli
Satara
Pune
Mumbai
Thane
Nashik
Aurangabad
Ahmednagar
9
0 46 121 240 386 0 448 430 0 
46 0 0 230 374 0 246 433 320
121 0 0 110 253 259 328 0 199
240 0 110 0 0 154 0 235 121
386 374 253 150 0 0 167 346 262
0 383 0 154 0 0 147 326 0
448 246 0 212 167 147 0 191 157
430 0 313 0 346 0 191 0 0
319 320 0 121 262 0 157 0 0
8
Kolhapur
Sangli
Satara
Pune
Mumbai
Thane
Nashik
Aurangabad
Ahmednagar
9
0 46 121 240 386 0 448 430 0 
46 0 0 230 374 0 246 433 320
121 0 0 110 253 259 328 0 199
240 0 110 0 0 154 0 235 121
386 374 253 150 0 0 167 346 262
0 383 0 154 0 0 147 326 0
448 246 0 212 167 147 0 191 157
430 0 313 0 346 0 191 0 0
319 320 0 121 262 0 157 0 0
9
Kolhapur
Sangli
Satara
Pune
Mumbai
Thane
Nashik
Aurangabad
Ahmednagar